<?xml version="1.0" encoding="utf-8"?>
<COLLADA xmlns:xsi="http://www.w3.org/2001/XMLSchema-instance" xmlns:xsd="http://www.w3.org/2001/XMLSchema" version="1.4.1" xmlns="http://www.collada.org/2005/11/COLLADASchema">
  <asset>
    <contributor>
      <author />
      <authoring_tool>Unity3D 5.4.0b11 - COLLADA exporter v1.6.1</authoring_tool>
      <comments />
      <copyright />
      <source_data>spiders1.unity</source_data>
    </contributor>
    <created>2016-09-03T09:57:42.165878+01:00</created>
    <modified>2016-09-03T09:57:42.16588+01:00</modified>
    <unit meter="1" name="meter" />
    <up_axis>Y_UP</up_axis>
  </asset>
  <library_animations>
    <animation id="_79170725c26a9e74b8e2b0633c9cd244_appear_-1080_0">
      <source id="_79170725c26a9e74b8e2b0633c9cd244_appear_-1080_0-input">
        <float_array id="_79170725c26a9e74b8e2b0633c9cd244_appear_-1080_0-input-array" count="479">0.000000 0.033300 0.066600 0.100000 0.133300 0.166600 0.200000 0.233300 0.266600 0.300000 0.333300 0.366600 0.400000 0.433300 0.466600 0.500000 0.533300 0.566600 0.600000 0.633300 0.666600 0.700000 0.733300 0.766600 0.800000 0.833300 0.866600 0.900000 0.933300 0.966600 1.000000 1.033300 1.066600 1.100000 1.133300 1.166600 1.200000 1.233300 1.266600 1.300000 1.333300 1.366600 1.400000 1.433300 1.466600 1.500000 1.533300 1.566600 1.600000 1.633300 1.700000 1.766600 1.800000 1.866600 1.900000 1.933300 2.000000 2.033333 2.099933 2.133333 2.166633 2.199933 2.233333 2.299933 2.333333 2.366633 2.399933 2.433333 2.466633 2.499933 2.566633 2.599933 2.633333 2.699933 2.733333 2.766633 2.799933 2.833333 2.866633 2.899933 2.933333 2.966633 2.999933 3.033333 3.066633 3.099933 3.133333 3.166633 3.199933 3.233333 3.266633 3.299933 3.333333 3.366633 3.433333 3.466633 3.533333 3.566633 3.599933 3.633333 3.666633 3.699933 3.733333 3.766633 3.799933 3.833333 3.866633 3.899933 3.933333 3.966633 3.999933 4.033333 4.066667 4.099967 4.133267 4.166667 4.199967 4.233267 4.266667 4.299967 4.333267 4.366667 4.399967 4.433267 4.466667 4.499967 4.533267 4.566667 4.666667 4.699967 4.733267 4.766667 4.799967 4.833267 4.866667 4.899967 4.933267 4.966667 4.999967 5.033267 5.066667 5.099967 5.133267 5.166667 5.199967 5.233267 5.266667 5.299967 5.333267 5.366667 5.466667 5.499967 5.533267 5.566667 5.599967 5.633267 5.666667 5.699967 5.733267 5.766667 5.799967 5.833267 5.866667 5.899967 5.933267 5.966667 5.999967 6.066667 6.099967 6.133267 6.166667 6.199967 6.233267 6.266667 6.299967 6.333267 6.366667 6.399967 6.433267 6.466667 6.499967 6.533267 6.566667 6.599967 6.633267 6.666667 6.699967 6.733267 6.766667 6.799967 6.833267 6.866667 6.899967 6.933267 6.966667 6.999967 7.033267 7.066667 7.099967 7.166667 7.199967 7.233267 7.266667 7.299967 7.333267 7.366667 7.399967 7.433267 7.466667 7.499967 7.533267 7.566667 7.599967 7.633267 7.666667 7.699967 7.733267 7.766667 7.799967 7.833267 7.866667 7.899967 7.933267 7.966667 7.999967 8.066667 8.100001 8.133301 8.166601 8.200001 8.233301 8.266601 8.300001 8.333301 8.366601 8.400001 8.433301 8.466601 8.500001 8.533301 8.566601 8.600001 8.633301 8.666601 8.700001 8.733301 8.766601 8.800001 8.833301 8.866601 8.900001 8.933301 8.966601 9.000001 9.033301 9.066601 9.100001 9.133335 9.166635 9.199935 9.233335 9.266635 9.299935 9.333335 9.366635 9.399935 9.433335 9.466635 9.499935 9.533335 9.566635 9.599935 9.633335 9.666635 9.699935 9.733335 9.766635 9.799935 9.833335 9.866635 9.899935 9.933335 9.966635 9.999935 10.033335 10.066635 10.099935 10.133335 10.166635 10.199935 10.233335 10.266635 10.299935 10.333335 10.366635 10.399935 10.433335 10.466635 10.500002 10.533302 10.566602 10.600002 10.633302 10.666602 10.700002 10.733302 10.766602 10.800002 10.833302 10.866602 10.900002 10.933302 10.966602 11.000002 11.033302 11.066602 11.100002 11.133302 11.166602 11.200002 11.233302 11.266602 11.300002 11.333302 11.366602 11.400002 11.433302 11.466602 11.500002 11.533302 11.566602 11.600002 11.666602 11.700003 11.733303 11.766603 11.800003 11.866603 11.900003 11.933303 11.966603 12.000003 12.033303 12.066603 12.100003 12.133303 12.166603 12.200003 12.233303 12.266603 12.300003 12.333303 12.366603 12.400003 12.433303 12.466603 12.500003 12.533337 12.566637 12.599937 12.633337 12.666637 12.699937 12.733337 12.766637 12.799937 12.833337 12.866637 12.899937 12.933337 12.966637 12.999937 13.033337 13.066637 13.099937 13.133337 13.166637 13.199937 13.233337 13.266637 13.299937 13.333337 13.366637 13.399937 13.433337 13.466637 13.499937 13.533337 13.566637 13.599937 13.633337 13.666637 13.699937 13.733337 13.766637 13.799937 13.833337 13.866637 13.899937 13.933337 13.966637 13.999937 14.033337 14.066637 14.099937 14.133337 14.166637 14.199937 14.233337 14.266637 14.299937 14.333337 14.366637 14.399937 14.433337 14.466637 14.499937 14.533337 14.566637 14.599937 14.633337 14.666637 14.699937 14.733337 14.766637 14.799937 14.833337 14.866637 14.899937 14.933337 14.966637 14.999937 15.033337 15.066637 15.099937 15.133337 15.166637 15.399937 15.433337 15.466637 15.499937 15.533337 15.566637 15.599937 15.633337 15.699937 15.766637 15.833337 15.866671 15.899971 15.933271 15.966671 15.999971 16.033271 16.066671 16.099971 16.133271 16.166671 16.199971 16.233271 16.266671 16.299971 16.333271 16.366671 16.399971 16.433271 16.466671 16.499971 16.533271 16.566671 16.599971 16.633271 16.666671 16.699971 16.733271 16.766671 16.799971 16.833271 16.866671</float_array>
        <technique_common>
          <accessor count="479" source="#_79170725c26a9e74b8e2b0633c9cd244_appear_-1080_0-input-array">
            <param name="TIME" type="float" />
          </accessor>
        </technique_common>
      </source>
      <source id="_79170725c26a9e74b8e2b0633c9cd244_appear_-1080_0-output">
        <float_array id="_79170725c26a9e74b8e2b0633c9cd244_appear_-1080_0-output-array" count="7664">

0.000000 0.000001 -1.000000 0.000000 
-0.953490 -0.301426 0.000000 -1.016131 
-0.301426 0.953490 0.000001 -1.024811 
0.000000 0.000000 0.000000 1.000000 

0.000000 0.000001 -1.000000 0.000000 
-0.953824 -0.300367 0.000000 -0.914307 
-0.300367 0.953824 0.000001 -1.024497 
0.000000 0.000000 0.000000 1.000000 

0.000000 0.000001 -1.000000 0.000000 
-0.953838 -0.300321 0.000000 -0.810336 
-0.300321 0.953838 0.000001 -1.023781 
0.000000 0.000000 0.000000 1.000000 

0.000000 0.000001 -1.000000 0.000000 
-0.953517 -0.301339 0.000000 -0.704497 
-0.301339 0.953517 0.000001 -1.022575 
0.000000 0.000000 0.000000 1.000000 

0.000000 0.000001 -1.000000 0.000000 
-0.952845 -0.303458 0.000000 -0.598027 
-0.303458 0.952845 0.000001 -1.020802 
0.000000 0.000000 0.000000 1.000000 

0.000000 0.000001 -1.000000 0.000000 
-0.951798 -0.306725 0.000000 -0.491212 
-0.306725 0.951798 0.000001 -1.018375 
0.000000 0.000000 0.000000 1.000000 

0.000000 0.000001 -1.000000 0.000000 
-0.950346 -0.311196 0.000000 -0.384333 
-0.311196 0.950346 0.000001 -1.015201 
0.000000 0.000000 0.000000 1.000000 

0.000000 0.000001 -1.000000 0.000000 
-0.948464 -0.316886 0.000000 -0.278632 
-0.316886 0.948464 0.000001 -1.011215 
0.000000 0.000000 0.000000 1.000000 

0.000000 0.000001 -1.000000 0.000000 
-0.946111 -0.323844 0.000000 -0.174389 
-0.323844 0.946111 0.000001 -1.006325 
0.000000 0.000000 0.000000 1.000000 

0.000000 0.000001 -1.000000 0.000000 
-0.943232 -0.332134 0.000000 -0.072884 
-0.332134 0.943232 0.000001 -0.999679 
0.000000 0.000000 0.000000 1.000000 

0.000000 0.000001 -1.000000 0.000000 
-0.939795 -0.341739 0.000000 0.025660 
-0.341739 0.939795 0.000001 -0.991665 
0.000000 0.000000 0.000000 1.000000 

0.000000 0.000001 -1.000000 0.000000 
-0.935732 -0.352712 0.000000 0.120873 
-0.352712 0.935732 0.000001 -0.982140 
0.000000 0.000000 0.000000 1.000000 

0.000000 0.000001 -1.000000 0.000000 
-0.930961 -0.365118 0.000000 0.212116 
-0.365118 0.930961 0.000001 -0.970943 
0.000000 0.000000 0.000000 1.000000 

0.000000 0.000001 -1.000000 0.000000 
-0.923584 -0.383397 0.000000 0.297515 
-0.383397 0.923584 0.000001 -0.958010 
0.000000 0.000000 0.000000 1.000000 

0.000000 0.000001 -1.000000 0.000000 
-0.907578 -0.419883 0.000000 0.366150 
-0.419883 0.907578 0.000001 -0.939513 
0.000000 0.000000 0.000000 1.000000 

0.000000 0.000001 -1.000000 0.000000 
-0.874256 -0.485465 0.000000 0.419321 
-0.485465 0.874256 0.000001 -0.910392 
0.000000 0.000000 0.000000 1.000000 

0.000000 0.000001 -1.000000 0.000000 
-0.815797 -0.578339 0.000000 0.468525 
-0.578339 0.815797 0.000001 -0.877508 
0.000000 0.000000 0.000000 1.000000 

-0.000001 0.000001 -1.000000 0.000000 
-0.732557 -0.680706 0.000000 0.508168 
-0.680706 0.732557 0.000001 -0.834155 
0.000000 0.000000 0.000000 1.000000 

-0.000001 0.000001 -1.000000 0.000000 
-0.628176 -0.778071 -0.000001 0.544246 
-0.778071 0.628176 0.000001 -0.787056 
0.000000 0.000000 0.000000 1.000000 

-0.000001 0.000001 -1.000000 0.000000 
-0.511941 -0.859021 -0.000001 0.576498 
-0.859021 0.511941 0.000001 -0.736714 
0.000000 0.000000 0.000000 1.000000 

-0.000001 0.000001 -1.000000 0.000000 
-0.392010 -0.919961 -0.000001 0.597571 
-0.919961 0.392010 0.000001 -0.680108 
0.000000 0.000000 0.000000 1.000000 

-0.000001 0.000001 -1.000000 0.000000 
-0.276160 -0.961112 -0.000001 0.613408 
-0.961112 0.276160 0.000001 -0.621807 
0.000000 0.000000 0.000000 1.000000 

-0.000001 0.000001 -1.000000 0.000000 
-0.173355 -0.984859 -0.000001 0.624304 
-0.984859 0.173355 0.000001 -0.562518 
0.000000 0.000000 0.000000 1.000000 

-0.000001 0.000001 -1.000000 0.000000 
-0.084653 -0.996411 -0.000001 0.628069 
-0.996411 0.084653 0.000001 -0.503001 
0.000000 0.000000 0.000000 1.000000 

-0.000001 0.000001 -1.000000 0.000000 
-0.005860 -0.999983 -0.000001 0.628543 
-0.999983 0.005860 0.000001 -0.443765 
0.000000 0.000000 0.000000 1.000000 

-0.000001 0.000001 -1.000000 0.000000 
0.063110 -0.998007 -0.000001 0.625570 
-0.998007 -0.063110 0.000001 -0.385281 
0.000000 0.000000 0.000000 1.000000 

-0.000001 0.000001 -1.000000 0.000000 
0.123349 -0.992363 -0.000001 0.619002 
-0.992363 -0.123349 0.000001 -0.327485 
0.000000 0.000000 0.000000 1.000000 

-0.000001 0.000000 -1.000000 0.000000 
0.175974 -0.984395 -0.000001 0.608645 
-0.984395 -0.175974 0.000001 -0.270322 
0.000000 0.000000 0.000000 1.000000 

-0.000001 0.000000 -1.000000 0.000000 
0.221673 -0.975121 -0.000001 0.590470 
-0.975121 -0.221673 0.000001 -0.215609 
0.000000 0.000000 0.000000 1.000000 

-0.000001 0.000000 -1.000000 0.000000 
0.261598 -0.965177 -0.000001 0.569705 
-0.965177 -0.261598 0.000000 -0.161949 
0.000000 0.000000 0.000000 1.000000 

-0.000001 0.000000 -1.000000 0.000000 
0.296548 -0.955018 -0.000001 0.546417 
-0.955018 -0.296548 0.000000 -0.109230 
0.000000 0.000000 0.000000 1.000000 

-0.000001 0.000000 -1.000000 0.000000 
0.326667 -0.945140 -0.000001 0.519247 
-0.945139 -0.326667 0.000000 -0.059152 
0.000000 0.000000 0.000000 1.000000 

0.000000 0.000000 -1.000000 0.000000 
0.352502 -0.935811 -0.000001 0.490961 
-0.935811 -0.352502 0.000000 -0.011213 
0.000000 0.000000 0.000000 1.000000 

0.000000 0.000000 -1.000000 0.000000 
0.374540 -0.927211 -0.000001 0.463254 
-0.927211 -0.374540 0.000000 0.034474 
0.000000 0.000000 0.000000 1.000000 

-0.000001 0.000000 -1.000000 0.000000 
0.393061 -0.919513 -0.000001 0.437140 
-0.919513 -0.393061 0.000000 0.077348 
0.000000 0.000000 0.000000 1.000000 

0.000000 0.000000 -1.000000 0.000000 
0.408532 -0.912744 -0.000001 0.413359 
-0.912744 -0.408532 0.000000 0.117228 
0.000000 0.000000 0.000000 1.000000 

0.000000 0.000000 -1.000000 0.000000 
0.421363 -0.906892 -0.000001 0.392679 
-0.906892 -0.421363 0.000000 0.153846 
0.000000 0.000000 0.000000 1.000000 

0.000000 0.000000 -1.000000 0.000000 
0.431837 -0.901952 -0.000001 0.376084 
-0.901951 -0.431837 0.000000 0.186514 
0.000000 0.000000 0.000000 1.000000 

0.000000 0.000000 -1.000000 0.000000 
0.440342 -0.897830 -0.000001 0.364393 
-0.897830 -0.440342 0.000000 0.214800 
0.000000 0.000000 0.000000 1.000000 

0.000000 0.000000 -1.000000 0.000000 
0.447226 -0.894421 -0.000001 0.357753 
-0.894421 -0.447226 0.000000 0.236879 
0.000000 0.000000 0.000000 1.000000 

0.000000 0.000000 -1.000000 0.000000 
0.452771 -0.891627 -0.000001 0.355783 
-0.891627 -0.452771 0.000000 0.252122 
0.000000 0.000000 0.000000 1.000000 

-0.000001 0.000000 -1.000000 0.000000 
0.457314 -0.889305 -0.000001 0.355301 
-0.889305 -0.457314 0.000000 0.265395 
0.000000 0.000000 0.000000 1.000000 

-0.000001 0.000000 -1.000000 0.000000 
0.461176 -0.887309 -0.000001 0.358443 
-0.887309 -0.461176 0.000000 0.273947 
0.000000 0.000000 0.000000 1.000000 

-0.000001 0.000000 -1.000000 0.000000 
0.464485 -0.885581 -0.000001 0.362627 
-0.885581 -0.464485 0.000000 0.280838 
0.000000 0.000000 0.000000 1.000000 

-0.000001 0.000000 -1.000000 0.000000 
0.467233 -0.884134 -0.000001 0.367516 
-0.884134 -0.467233 0.000001 0.286274 
0.000000 0.000000 0.000000 1.000000 

-0.000001 0.000000 -1.000000 0.000000 
0.469473 -0.882947 -0.000001 0.372785 
-0.882947 -0.469473 0.000001 0.290437 
0.000000 0.000000 0.000000 1.000000 

-0.000001 0.000000 -1.000000 0.000000 
0.471238 -0.882007 -0.000001 0.378061 
-0.882006 -0.471238 0.000000 0.293473 
0.000000 0.000000 0.000000 1.000000 

-0.000001 0.000000 -1.000000 0.000000 
0.472581 -0.881287 -0.000001 0.383016 
-0.881287 -0.472581 0.000000 0.295569 
0.000000 0.000000 0.000000 1.000000 

-0.000001 0.000000 -1.000000 0.000000 
0.473550 -0.880767 -0.000001 0.387323 
-0.880767 -0.473550 0.000001 0.296897 
0.000000 0.000000 0.000000 1.000000 

-0.000001 0.000000 -1.000000 0.000000 
0.474184 -0.880425 -0.000001 0.390613 
-0.880425 -0.474184 0.000001 0.297623 
0.000000 0.000000 0.000000 1.000000 

-0.000001 0.000000 -1.000000 0.000000 
0.474636 -0.880182 -0.000001 0.392562 
-0.880182 -0.474636 0.000001 0.297923 
0.000000 0.000000 0.000000 1.000000 

-0.000001 0.000000 -1.000000 0.000000 
0.474292 -0.880368 -0.000001 0.392562 
-0.880368 -0.474292 0.000001 0.297923 
0.000000 0.000000 0.000000 1.000000 

-0.000001 0.000000 -1.000000 0.000000 
0.473931 -0.880562 -0.000001 0.392562 
-0.880562 -0.473931 0.000001 0.297923 
0.000000 0.000000 0.000000 1.000000 

-0.000001 0.000000 -1.000000 0.000000 
0.473057 -0.881032 -0.000001 0.392562 
-0.881032 -0.473057 0.000001 0.297923 
0.000000 0.000000 0.000000 1.000000 

-0.000001 0.000000 -1.000000 0.000000 
0.472631 -0.881260 -0.000001 0.392562 
-0.881260 -0.472631 0.000001 0.297923 
0.000000 0.000000 0.000000 1.000000 

-0.000001 0.000000 -1.000000 0.000000 
0.472272 -0.881453 -0.000001 0.392562 
-0.881453 -0.472272 0.000001 0.297923 
0.000000 0.000000 0.000000 1.000000 

-0.000001 0.000000 -1.000000 0.000000 
0.471932 -0.881635 0.000000 0.392562 
-0.881635 -0.471932 0.000000 0.297923 
0.000000 0.000000 0.000000 1.000000 

-0.000001 0.000000 -1.000000 0.000000 
0.471934 -0.881634 0.000000 0.392562 
-0.881634 -0.471934 0.000000 0.297923 
0.000000 0.000000 0.000000 1.000000 

-0.000001 0.000596 -1.000000 0.000000 
0.471935 -0.881633 -0.000526 0.393171 
-0.881634 -0.471935 -0.000281 0.295996 
0.000000 0.000000 0.000000 1.000000 

-0.000001 0.001115 -0.999999 0.000000 
0.471935 -0.881633 -0.000983 0.393723 
-0.881633 -0.471935 -0.000525 0.294299 
0.000000 0.000000 0.000000 1.000000 

-0.000001 0.001749 -0.999998 0.000000 
0.471935 -0.881632 -0.001542 0.394413 
-0.881633 -0.471934 -0.000825 0.292242 
0.000000 0.000000 0.000000 1.000000 

-0.000001 0.002477 -0.999997 0.000000 
0.471935 -0.881630 -0.002185 0.395222 
-0.881633 -0.471934 -0.001168 0.289913 
0.000000 0.000000 0.000000 1.000000 

-0.000001 0.003282 -0.999995 0.000000 
0.471936 -0.881629 -0.002894 0.396135 
-0.881633 -0.471933 -0.001548 0.287394 
0.000000 0.000000 0.000000 1.000000 

-0.000001 0.005016 -0.999987 0.000000 
0.471936 -0.881622 -0.004423 0.398181 
-0.881633 -0.471930 -0.002367 0.282190 
0.000000 0.000000 0.000000 1.000000 

-0.000001 0.005908 -0.999983 0.000000 
0.471936 -0.881618 -0.005209 0.399282 
-0.881633 -0.471927 -0.002787 0.279671 
0.000000 0.000000 0.000000 1.000000 

-0.000001 0.006781 -0.999977 0.000000 
0.471936 -0.881613 -0.005979 0.400404 
-0.881633 -0.471925 -0.003200 0.277342 
0.000000 0.000000 0.000000 1.000000 

-0.000001 0.007618 -0.999971 0.000000 
0.471935 -0.881607 -0.006717 0.401531 
-0.881633 -0.471922 -0.003594 0.275286 
0.000000 0.000000 0.000000 1.000000 

-0.000001 0.008398 -0.999965 0.000000 
0.471935 -0.881602 -0.007404 0.402648 
-0.881633 -0.471919 -0.003963 0.273589 
0.000000 0.000000 0.000000 1.000000 

-0.000001 0.009095 -0.999959 0.000000 
0.471935 -0.881597 -0.008018 0.403729 
-0.881633 -0.471916 -0.004292 0.272353 
0.000000 0.000000 0.000000 1.000000 

-0.000001 0.009688 -0.999953 0.000000 
0.471935 -0.881592 -0.008542 0.404757 
-0.881633 -0.471913 -0.004572 0.271662 
0.000000 0.000000 0.000000 1.000000 

-0.000001 0.010481 -0.999945 0.000000 
0.471935 -0.881585 -0.009240 0.406746 
-0.881633 -0.471909 -0.004946 0.272623 
0.000000 0.000000 0.000000 1.000000 

0.000000 0.010634 -0.999943 0.000000 
0.471935 -0.881583 -0.009375 0.407798 
-0.881633 -0.471908 -0.005018 0.273957 
0.000000 0.000000 0.000000 1.000000 

-0.000001 0.010596 -0.999944 0.000000 
0.471934 -0.881584 -0.009342 0.408858 
-0.881634 -0.471908 -0.005000 0.275580 
0.000000 0.000000 0.000000 1.000000 

0.000000 0.009860 -0.999951 0.000000 
0.471934 -0.881591 -0.008693 0.410911 
-0.881634 -0.471911 -0.004653 0.279541 
0.000000 0.000000 0.000000 1.000000 

0.000000 0.009116 -0.999958 0.000000 
0.471934 -0.881597 -0.008037 0.411873 
-0.881634 -0.471914 -0.004301 0.281822 
0.000000 0.000000 0.000000 1.000000 

-0.000001 0.008094 -0.999967 0.000000 
0.471934 -0.881605 -0.007137 0.412761 
-0.881634 -0.471919 -0.003820 0.284248 
0.000000 0.000000 0.000000 1.000000 

-0.000001 0.006773 -0.999977 0.000000 
0.471934 -0.881614 -0.005971 0.413560 
-0.881634 -0.471923 -0.003196 0.286792 
0.000000 0.000000 0.000000 1.000000 

0.000000 0.005123 -0.999987 0.000000 
0.471934 -0.881622 -0.004517 0.414253 
-0.881634 -0.471928 -0.002417 0.289429 
0.000000 0.000000 0.000000 1.000000 

0.000000 0.003306 -0.999995 0.000000 
0.471934 -0.881629 -0.002915 0.414818 
-0.881634 -0.471931 -0.001560 0.292109 
0.000000 0.000000 0.000000 1.000000 

-0.000001 0.001487 -0.999999 0.000000 
0.471934 -0.881633 -0.001312 0.415236 
-0.881634 -0.471933 -0.000701 0.294807 
0.000000 0.000000 0.000000 1.000000 

-0.000001 -0.000327 -1.000000 0.000000 
0.471934 -0.881634 0.000288 0.415491 
-0.881634 -0.471934 0.000155 0.297497 
0.000000 0.000000 0.000000 1.000000 

0.000000 -0.002116 -0.999998 0.000000 
0.471933 -0.881632 0.001865 0.415562 
-0.881634 -0.471932 0.000999 0.300130 
0.000000 0.000000 0.000000 1.000000 

-0.000001 -0.003874 -0.999993 0.000000 
0.471933 -0.881628 0.003415 0.415431 
-0.881634 -0.471930 0.001829 0.302681 
0.000000 0.000000 0.000000 1.000000 

-0.000001 -0.005596 -0.999984 0.000000 
0.471933 -0.881620 0.004934 0.415015 
-0.881634 -0.471926 0.002642 0.305413 
0.000000 0.000000 0.000000 1.000000 

0.000000 -0.007262 -0.999974 0.000000 
0.471933 -0.881611 0.006402 0.414530 
-0.881634 -0.471920 0.003428 0.308195 
0.000000 0.000000 0.000000 1.000000 

0.000000 -0.008866 -0.999961 0.000000 
0.471932 -0.881600 0.007816 0.413980 
-0.881635 -0.471914 0.004185 0.310995 
0.000000 0.000000 0.000000 1.000000 

-0.000001 -0.010402 -0.999946 0.000000 
0.471932 -0.881587 0.009171 0.413368 
-0.881635 -0.471907 0.004910 0.313782 
0.000000 0.000000 0.000000 1.000000 

-0.000001 -0.011851 -0.999930 0.000000 
0.471932 -0.881573 0.010448 0.412702 
-0.881635 -0.471899 0.005593 0.316499 
0.000000 0.000000 0.000000 1.000000 

-0.000001 -0.013207 -0.999913 0.000000 
0.471931 -0.881558 0.011644 0.411987 
-0.881635 -0.471890 0.006233 0.319115 
0.000000 0.000000 0.000000 1.000000 

0.000000 -0.014463 -0.999895 0.000000 
0.471931 -0.881543 0.012751 0.411224 
-0.881635 -0.471882 0.006826 0.321597 
0.000000 0.000000 0.000000 1.000000 

-0.000001 -0.015601 -0.999878 0.000000 
0.471931 -0.881529 0.013754 0.410424 
-0.881636 -0.471873 0.007363 0.323889 
0.000000 0.000000 0.000000 1.000000 

-0.000001 -0.016615 -0.999862 0.000000 
0.471930 -0.881514 0.014648 0.409589 
-0.881636 -0.471865 0.007842 0.325961 
0.000000 0.000000 0.000000 1.000000 

0.000000 -0.017496 -0.999847 0.000000 
0.471930 -0.881501 0.015425 0.408722 
-0.881636 -0.471857 0.008258 0.327778 
0.000000 0.000000 0.000000 1.000000 

-0.000001 -0.018230 -0.999834 0.000000 
0.471929 -0.881490 0.016072 0.407833 
-0.881636 -0.471851 0.008604 0.329287 
0.000000 0.000000 0.000000 1.000000 

-0.000001 -0.019220 -0.999815 0.000000 
0.471928 -0.881474 0.016945 0.405999 
-0.881637 -0.471841 0.009071 0.331247 
0.000000 0.000000 0.000000 1.000000 

-0.000001 -0.019454 -0.999811 0.000000 
0.471928 -0.881470 0.017151 0.405067 
-0.881637 -0.471839 0.009182 0.331615 
0.000000 0.000000 0.000000 1.000000 

-0.000001 -0.019352 -0.999813 0.000000 
0.471927 -0.881472 0.017061 0.403193 
-0.881637 -0.471839 0.009133 0.330927 
0.000000 0.000000 0.000000 1.000000 

-0.000001 -0.018993 -0.999820 0.000000 
0.471927 -0.881479 0.016745 0.402263 
-0.881638 -0.471842 0.008964 0.329793 
0.000000 0.000000 0.000000 1.000000 

-0.000001 -0.018417 -0.999830 0.000000 
0.471927 -0.881488 0.016237 0.401344 
-0.881638 -0.471847 0.008692 0.328080 
0.000000 0.000000 0.000000 1.000000 

0.000000 -0.017609 -0.999845 0.000000 
0.471927 -0.881501 0.015525 0.400401 
-0.881638 -0.471853 0.008311 0.325543 
0.000000 0.000000 0.000000 1.000000 

-0.000001 -0.016564 -0.999863 0.000000 
0.471926 -0.881517 0.014603 0.399461 
-0.881638 -0.471862 0.007818 0.322804 
0.000000 0.000000 0.000000 1.000000 

-0.000001 -0.015270 -0.999883 0.000000 
0.471926 -0.881535 0.013462 0.398535 
-0.881638 -0.471871 0.007207 0.319922 
0.000000 0.000000 0.000000 1.000000 

-0.000001 -0.013710 -0.999906 0.000000 
0.471926 -0.881555 0.012087 0.397631 
-0.881638 -0.471882 0.006471 0.316955 
0.000000 0.000000 0.000000 1.000000 

-0.000001 -0.011885 -0.999930 0.000000 
0.471926 -0.881576 0.010478 0.396766 
-0.881638 -0.471893 0.005609 0.313988 
0.000000 0.000000 0.000000 1.000000 

-0.000001 -0.009778 -0.999952 0.000000 
0.471926 -0.881596 0.008620 0.395949 
-0.881638 -0.471903 0.004615 0.311079 
0.000000 0.000000 0.000000 1.000000 

-0.000001 -0.007593 -0.999971 0.000000 
0.471926 -0.881613 0.006694 0.395190 
-0.881638 -0.471912 0.003584 0.308285 
0.000000 0.000000 0.000000 1.000000 

0.000000 -0.005592 -0.999984 0.000000 
0.471926 -0.881624 0.004930 0.394504 
-0.881638 -0.471918 0.002640 0.305691 
0.000000 0.000000 0.000000 1.000000 

-0.000001 -0.003820 -0.999993 0.000000 
0.471926 -0.881632 0.003368 0.393903 
-0.881638 -0.471922 0.001803 0.303356 
0.000000 0.000000 0.000000 1.000000 

0.000000 -0.002321 -0.999997 0.000000 
0.471925 -0.881636 0.002046 0.393394 
-0.881638 -0.471924 0.001096 0.301339 
0.000000 0.000000 0.000000 1.000000 

0.000000 -0.001154 -0.999999 0.000000 
0.471925 -0.881638 0.001017 0.392995 
-0.881639 -0.471925 0.000545 0.299720 
0.000000 0.000000 0.000000 1.000000 

-0.000001 -0.000364 -1.000000 0.000000 
0.471925 -0.881639 0.000320 0.392713 
-0.881639 -0.471925 0.000172 0.298560 
0.000000 0.000000 0.000000 1.000000 

0.000000 0.000000 -1.000000 0.000000 
0.471925 -0.881639 -0.000001 0.392562 
-0.881639 -0.471925 0.000000 0.297923 
0.000000 0.000000 0.000000 1.000000 

0.000000 0.000000 -1.000000 0.000000 
0.471925 -0.881639 -0.000001 0.392562 
-0.881639 -0.471925 0.000000 0.297923 
0.000000 0.000000 0.000000 1.000000 

0.003006 -0.000209 -0.999995 -0.002700 
0.464951 -0.885335 0.001582 0.395857 
-0.885332 -0.464953 -0.002564 0.297923 
0.000000 0.000000 0.000000 1.000000 

0.009417 -0.000830 -0.999955 -0.010024 
0.450227 -0.892900 0.004981 0.404797 
-0.892864 -0.450254 -0.008035 0.297923 
0.000000 0.000000 0.000000 1.000000 

0.018387 -0.001927 -0.999829 -0.020850 
0.429473 -0.903028 0.009639 0.418011 
-0.902892 -0.429577 -0.015777 0.297923 
0.000000 0.000000 0.000000 1.000000 

0.028977 -0.003531 -0.999574 -0.033964 
0.404649 -0.914350 0.014961 0.434019 
-0.914013 -0.404910 -0.025066 0.297923 
0.000000 0.000000 0.000000 1.000000 

0.040325 -0.005621 -0.999171 -0.048234 
0.377642 -0.925726 0.020448 0.451438 
-0.925073 -0.378154 -0.035207 0.297923 
0.000000 0.000000 0.000000 1.000000 

0.051585 -0.008084 -0.998636 -0.062549 
0.350439 -0.936233 0.025681 0.468911 
-0.935164 -0.351286 -0.045462 0.297923 
0.000000 0.000000 0.000000 1.000000 

0.061836 -0.010691 -0.998029 -0.075664 
0.325385 -0.945096 0.030284 0.484920 
-0.943558 -0.326616 -0.054962 0.297923 
0.000000 0.000000 0.000000 1.000000 

0.070287 -0.013148 -0.997440 -0.086468 
0.304646 -0.951858 0.034014 0.498107 
-0.949869 -0.306257 -0.062898 0.297923 
0.000000 0.000000 0.000000 1.000000 

0.076158 -0.015106 -0.996981 -0.093827 
0.290469 -0.956181 0.036676 0.507090 
-0.953849 -0.292385 -0.068432 0.297923 
0.000000 0.000000 0.000000 1.000000 

0.079431 -0.016330 -0.996707 -0.096527 
0.282719 -0.958441 0.038234 0.510386 
-0.955908 -0.284824 -0.071513 0.297923 
0.000000 0.000000 0.000000 1.000000 

0.080977 -0.016930 -0.996572 -0.096530 
0.278923 -0.959522 0.038965 0.510572 
-0.956893 -0.281122 -0.072977 0.297923 
0.000000 0.000000 0.000000 1.000000 

0.081248 -0.017056 -0.996548 -0.096530 
0.278048 -0.959771 0.039095 0.510923 
-0.957125 -0.280264 -0.073237 0.297923 
0.000000 0.000000 0.000000 1.000000 

0.080684 -0.016871 -0.996597 -0.096530 
0.279047 -0.959492 0.038835 0.511428 
-0.956882 -0.281230 -0.072708 0.297923 
0.000000 0.000000 0.000000 1.000000 

0.079731 -0.016548 -0.996679 -0.096530 
0.280859 -0.958981 0.038390 0.512078 
-0.956431 -0.282988 -0.071813 0.297923 
0.000000 0.000000 0.000000 1.000000 

0.078828 -0.016254 -0.996756 -0.096530 
0.282438 -0.958534 0.037967 0.512864 
-0.956041 -0.284514 -0.070969 0.297923 
0.000000 0.000000 0.000000 1.000000 

0.078408 -0.016285 -0.996788 -0.096530 
0.281111 -0.958931 0.037779 0.515906 
-0.956467 -0.283171 -0.070610 0.297923 
0.000000 0.000000 0.000000 1.000000 

0.078398 -0.016360 -0.996788 -0.096530 
0.280193 -0.959200 0.037780 0.517112 
-0.956737 -0.282254 -0.070615 0.297923 
0.000000 0.000000 0.000000 1.000000 

0.078386 -0.016440 -0.996788 -0.096530 
0.279209 -0.959487 0.037781 0.518396 
-0.957026 -0.281273 -0.070620 0.297923 
0.000000 0.000000 0.000000 1.000000 

0.078372 -0.016525 -0.996787 -0.096530 
0.278166 -0.959790 0.037782 0.519751 
-0.957330 -0.280233 -0.070624 0.297923 
0.000000 0.000000 0.000000 1.000000 

0.078357 -0.016614 -0.996787 -0.096530 
0.277080 -0.960104 0.037784 0.521157 
-0.957647 -0.279150 -0.070627 0.297923 
0.000000 0.000000 0.000000 1.000000 

0.078341 -0.016707 -0.996787 -0.096530 
0.275956 -0.960428 0.037786 0.522607 
-0.957972 -0.278029 -0.070630 0.297923 
0.000000 0.000000 0.000000 1.000000 

0.078324 -0.016802 -0.996786 -0.096530 
0.274800 -0.960759 0.037788 0.524096 
-0.958306 -0.276877 -0.070633 0.297923 
0.000000 0.000000 0.000000 1.000000 

0.078306 -0.016899 -0.996786 -0.096530 
0.273629 -0.961093 0.037790 0.525602 
-0.958643 -0.275709 -0.070635 0.297923 
0.000000 0.000000 0.000000 1.000000 

0.078287 -0.016997 -0.996786 -0.096530 
0.272448 -0.961428 0.037792 0.527119 
-0.958980 -0.274531 -0.070637 0.297923 
0.000000 0.000000 0.000000 1.000000 

0.078268 -0.017095 -0.996786 -0.096530 
0.271263 -0.961763 0.037794 0.528641 
-0.959318 -0.273349 -0.070638 0.297923 
0.000000 0.000000 0.000000 1.000000 

0.078248 -0.017192 -0.996786 -0.096530 
0.270090 -0.962093 0.037796 0.530147 
-0.959650 -0.272179 -0.070639 0.297923 
0.000000 0.000000 0.000000 1.000000 

0.078228 -0.017288 -0.996786 -0.096530 
0.268936 -0.962416 0.037798 0.531631 
-0.959976 -0.271028 -0.070639 0.297923 
0.000000 0.000000 0.000000 1.000000 

0.078208 -0.017381 -0.996786 -0.096530 
0.267805 -0.962731 0.037800 0.533086 
-0.960294 -0.269900 -0.070639 0.297923 
0.000000 0.000000 0.000000 1.000000 

0.078188 -0.017472 -0.996786 -0.096530 
0.266714 -0.963034 0.037801 0.534492 
-0.960599 -0.268813 -0.070638 0.297923 
0.000000 0.000000 0.000000 1.000000 

0.078169 -0.017558 -0.996786 -0.096530 
0.265670 -0.963323 0.037803 0.535843 
-0.960890 -0.267771 -0.070637 0.297923 
0.000000 0.000000 0.000000 1.000000 

0.078150 -0.017640 -0.996786 -0.096530 
0.264678 -0.963596 0.037804 0.537131 
-0.961165 -0.266781 -0.070636 0.297923 
0.000000 0.000000 0.000000 1.000000 

0.078131 -0.017716 -0.996786 -0.096530 
0.263753 -0.963849 0.037805 0.538337 
-0.961421 -0.265859 -0.070634 0.297923 
0.000000 0.000000 0.000000 1.000000 

0.078114 -0.017786 -0.996786 -0.096530 
0.262902 -0.964082 0.037805 0.539454 
-0.961655 -0.265010 -0.070632 0.297923 
0.000000 0.000000 0.000000 1.000000 

0.078097 -0.017849 -0.996786 -0.096530 
0.262133 -0.964291 0.037805 0.540474 
-0.961866 -0.264243 -0.070629 0.297923 
0.000000 0.000000 0.000000 1.000000 

0.078081 -0.017904 -0.996786 -0.096530 
0.261459 -0.964474 0.037804 0.541380 
-0.962051 -0.263570 -0.070626 0.297923 
0.000000 0.000000 0.000000 1.000000 

0.078067 -0.017950 -0.996786 -0.096530 
0.260886 -0.964629 0.037803 0.542163 
-0.962208 -0.262999 -0.070623 0.297923 
0.000000 0.000000 0.000000 1.000000 

0.078054 -0.017987 -0.996787 -0.096530 
0.260424 -0.964754 0.037802 0.542816 
-0.962334 -0.262538 -0.070619 0.297923 
0.000000 0.000000 0.000000 1.000000 

0.074274 -0.017555 -0.997083 -0.096530 
0.261862 -0.964416 0.036486 0.543855 
-0.962243 -0.263808 -0.067034 0.297923 
0.000000 0.000000 0.000000 1.000000 

0.062773 -0.016352 -0.997894 -0.094308 
0.268378 -0.962760 0.032659 0.542113 
-0.961266 -0.269862 -0.056047 0.297923 
0.000000 0.000000 0.000000 1.000000 

0.043140 -0.014863 -0.998958 -0.088169 
0.279775 -0.959704 0.026361 0.537301 
-0.959096 -0.280621 -0.037243 0.297923 
0.000000 0.000000 0.000000 1.000000 

0.014877 -0.013669 -0.999796 -0.078869 
0.296382 -0.954910 0.017466 0.530011 
-0.954954 -0.296581 -0.010155 0.297923 
0.000000 0.000000 0.000000 1.000000 

-0.022221 -0.013537 -0.999662 -0.067238 
0.318266 -0.947984 0.005763 0.520894 
-0.947741 -0.318030 0.025373 0.297923 
0.000000 0.000000 0.000000 1.000000 

-0.064979 -0.015846 -0.997761 -0.053809 
0.343949 -0.938958 -0.007488 0.510368 
-0.936737 -0.343666 0.066462 0.297923 
0.000000 0.000000 0.000000 1.000000 

-0.108672 -0.021136 -0.993853 -0.039989 
0.370866 -0.928453 -0.020806 0.499534 
-0.922306 -0.370847 0.108735 0.297923 
0.000000 0.000000 0.000000 1.000000 

-0.150948 -0.028795 -0.988122 -0.026035 
0.397297 -0.917061 -0.033968 0.488597 
-0.905190 -0.397706 0.149869 0.297923 
0.000000 0.000000 0.000000 1.000000 

-0.189924 -0.037990 -0.981064 -0.012836 
0.421893 -0.905447 -0.046612 0.478250 
-0.886530 -0.422757 0.187993 0.297923 
0.000000 0.000000 0.000000 1.000000 

-0.223817 -0.047678 -0.973464 -0.001167 
0.443429 -0.894421 -0.058146 0.469103 
-0.867915 -0.444677 0.221328 0.297923 
0.000000 0.000000 0.000000 1.000000 

-0.250719 -0.056559 -0.966406 0.008112 
0.460637 -0.885002 -0.067711 0.461830 
-0.851442 -0.462139 0.247940 0.297923 
0.000000 0.000000 0.000000 1.000000 

-0.269182 -0.063350 -0.961004 0.014258 
0.472546 -0.878153 -0.074475 0.457012 
-0.839191 -0.474166 0.266319 0.297923 
0.000000 0.000000 0.000000 1.000000 

-0.277703 -0.066773 -0.958344 0.016495 
0.478126 -0.874857 -0.077592 0.455259 
-0.833233 -0.479757 0.274876 0.297923 
0.000000 0.000000 0.000000 1.000000 

-0.280325 -0.067909 -0.957500 0.016487 
0.479819 -0.873849 -0.078499 0.455084 
-0.831379 -0.481432 0.277545 0.297923 
0.000000 0.000000 0.000000 1.000000 

-0.282288 -0.068694 -0.956867 0.016471 
0.480922 -0.873180 -0.079192 0.454745 
-0.830077 -0.482533 0.279524 0.297923 
0.000000 0.000000 0.000000 1.000000 

-0.283683 -0.069167 -0.956420 0.016449 
0.481502 -0.872814 -0.079697 0.454250 
-0.829265 -0.483127 0.280906 0.297923 
0.000000 0.000000 0.000000 1.000000 

-0.284589 -0.069365 -0.956137 0.016419 
0.481625 -0.872715 -0.080040 0.453612 
-0.828883 -0.483278 0.281773 0.297923 
0.000000 0.000000 0.000000 1.000000 

-0.285294 -0.069105 -0.955946 0.016343 
0.480765 -0.873160 -0.080360 0.451931 
-0.829140 -0.482511 0.282330 0.297923 
0.000000 0.000000 0.000000 1.000000 

-0.285262 -0.068731 -0.955982 0.016296 
0.479913 -0.873625 -0.080394 0.450909 
-0.829644 -0.481722 0.282197 0.297923 
0.000000 0.000000 0.000000 1.000000 

-0.285087 -0.068251 -0.956069 0.016244 
0.478868 -0.874199 -0.080385 0.449777 
-0.830308 -0.480747 0.281906 0.297923 
0.000000 0.000000 0.000000 1.000000 

-0.284853 -0.067704 -0.956177 0.016187 
0.477689 -0.874846 -0.080363 0.448539 
-0.831067 -0.479647 0.281544 0.297923 
0.000000 0.000000 0.000000 1.000000 

-0.284648 -0.067135 -0.956278 0.016127 
0.476449 -0.875522 -0.080355 0.447213 
-0.831848 -0.478491 0.281202 0.297923 
0.000000 0.000000 0.000000 1.000000 

-0.284556 -0.066585 -0.956345 0.016062 
0.475211 -0.876192 -0.080392 0.445803 
-0.832588 -0.477342 0.280967 0.297923 
0.000000 0.000000 0.000000 1.000000 

-0.284662 -0.066093 -0.956347 0.015994 
0.474036 -0.876817 -0.080503 0.444314 
-0.833221 -0.476259 0.280927 0.297923 
0.000000 0.000000 0.000000 1.000000 

-0.285054 -0.065702 -0.956257 0.015923 
0.472998 -0.877359 -0.080716 0.442763 
-0.833677 -0.475316 0.281171 0.297923 
0.000000 0.000000 0.000000 1.000000 

-0.285815 -0.065454 -0.956047 0.015849 
0.472157 -0.877779 -0.081059 0.441155 
-0.833893 -0.474572 0.281787 0.297923 
0.000000 0.000000 0.000000 1.000000 

-0.286809 -0.065286 -0.955761 0.015773 
0.471426 -0.878133 -0.081484 0.439493 
-0.833965 -0.473941 0.282634 0.297923 
0.000000 0.000000 0.000000 1.000000 

-0.287826 -0.065113 -0.955467 0.015696 
0.470678 -0.878494 -0.081921 0.437796 
-0.834037 -0.473296 0.283500 0.297923 
0.000000 0.000000 0.000000 1.000000 

-0.288863 -0.064934 -0.955166 0.015617 
0.469915 -0.878860 -0.082366 0.436069 
-0.834109 -0.472639 0.284384 0.297923 
0.000000 0.000000 0.000000 1.000000 

-0.289918 -0.064751 -0.954859 0.015536 
0.469139 -0.879232 -0.082819 0.434314 
-0.834180 -0.471973 0.285283 0.297923 
0.000000 0.000000 0.000000 1.000000 

-0.290979 -0.064566 -0.954548 0.015456 
0.468359 -0.879605 -0.083275 0.432552 
-0.834249 -0.471303 0.286186 0.297923 
0.000000 0.000000 0.000000 1.000000 

-0.292042 -0.064378 -0.954236 0.015375 
0.467577 -0.879978 -0.083733 0.430785 
-0.834316 -0.470632 0.287093 0.297923 
0.000000 0.000000 0.000000 1.000000 

-0.293107 -0.064189 -0.953922 0.015294 
0.466793 -0.880350 -0.084191 0.429017 
-0.834382 -0.469961 0.288000 0.297923 
0.000000 0.000000 0.000000 1.000000 

-0.294160 -0.064000 -0.953611 0.015214 
0.466018 -0.880717 -0.084644 0.427268 
-0.834444 -0.469298 0.288897 0.297923 
0.000000 0.000000 0.000000 1.000000 

-0.295199 -0.063813 -0.953302 0.015135 
0.465252 -0.881079 -0.085091 0.425540 
-0.834505 -0.468644 0.289783 0.297923 
0.000000 0.000000 0.000000 1.000000 

-0.296222 -0.063628 -0.952997 0.015057 
0.464498 -0.881434 -0.085531 0.423839 
-0.834562 -0.468001 0.290655 0.297923 
0.000000 0.000000 0.000000 1.000000 

-0.297217 -0.063446 -0.952700 0.014981 
0.463764 -0.881779 -0.085959 0.422182 
-0.834617 -0.467376 0.291503 0.297923 
0.000000 0.000000 0.000000 1.000000 

-0.298180 -0.063269 -0.952410 0.014907 
0.463053 -0.882112 -0.086373 0.420573 
-0.834668 -0.466771 0.292326 0.297923 
0.000000 0.000000 0.000000 1.000000 

-0.299111 -0.063097 -0.952130 0.014836 
0.462366 -0.882433 -0.086773 0.419018 
-0.834716 -0.466187 0.293119 0.297923 
0.000000 0.000000 0.000000 1.000000 

-0.299996 -0.062933 -0.951862 0.014768 
0.461711 -0.882738 -0.087153 0.417533 
-0.834761 -0.465631 0.293875 0.297923 
0.000000 0.000000 0.000000 1.000000 

-0.300834 -0.062777 -0.951608 0.014704 
0.461092 -0.883027 -0.087513 0.416123 
-0.834801 -0.465106 0.294590 0.297923 
0.000000 0.000000 0.000000 1.000000 

-0.301620 -0.062629 -0.951369 0.014643 
0.460510 -0.883296 -0.087851 0.414792 
-0.834839 -0.464612 0.295262 0.297923 
0.000000 0.000000 0.000000 1.000000 

-0.302346 -0.062493 -0.951147 0.014586 
0.459973 -0.883545 -0.088163 0.413558 
-0.834872 -0.464158 0.295881 0.297923 
0.000000 0.000000 0.000000 1.000000 

-0.303007 -0.062368 -0.950945 0.014534 
0.459483 -0.883772 -0.088446 0.412426 
-0.834902 -0.463743 0.296446 0.297923 
0.000000 0.000000 0.000000 1.000000 

-0.303600 -0.062255 -0.950764 0.014487 
0.459044 -0.883974 -0.088701 0.411401 
-0.834928 -0.463372 0.296953 0.297923 
0.000000 0.000000 0.000000 1.000000 

-0.304116 -0.062157 -0.950605 0.014446 
0.458662 -0.884151 -0.088922 0.410497 
-0.834951 -0.463049 0.297393 0.297923 
0.000000 0.000000 0.000000 1.000000 

-0.304550 -0.062075 -0.950472 0.014411 
0.458341 -0.884298 -0.089108 0.409722 
-0.834969 -0.462778 0.297764 0.297923 
0.000000 0.000000 0.000000 1.000000 

-0.304898 -0.062008 -0.950364 0.014381 
0.458083 -0.884417 -0.089258 0.409081 
-0.834983 -0.462560 0.298062 0.297923 
0.000000 0.000000 0.000000 1.000000 

-0.305153 -0.061960 -0.950285 0.014359 
0.457894 -0.884503 -0.089367 0.408588 
-0.834994 -0.462401 0.298280 0.297923 
0.000000 0.000000 0.000000 1.000000 

-0.302040 -0.061216 -0.951328 0.014335 
0.457845 -0.884623 -0.088439 0.408072 
-0.836152 -0.462273 0.295219 0.297923 
0.000000 0.000000 0.000000 1.000000 

-0.291813 -0.059085 -0.954649 0.014002 
0.458266 -0.884711 -0.085324 0.407711 
-0.839546 -0.462381 0.285247 0.297923 
0.000000 0.000000 0.000000 1.000000 

-0.274262 -0.055482 -0.960053 0.013087 
0.459104 -0.884771 -0.080023 0.406722 
-0.844988 -0.462711 0.268131 0.297923 
0.000000 0.000000 0.000000 1.000000 

-0.248877 -0.050323 -0.967227 0.011718 
0.460373 -0.884766 -0.072426 0.405240 
-0.852125 -0.463310 0.243366 0.297923 
0.000000 0.000000 0.000000 1.000000 

-0.215349 -0.043564 -0.975565 0.009980 
0.462013 -0.884669 -0.062481 0.403360 
-0.860331 -0.464179 0.210639 0.297923 
0.000000 0.000000 0.000000 1.000000 

-0.176130 -0.035696 -0.983719 0.008146 
0.463974 -0.884381 -0.050981 0.401375 
-0.868163 -0.465399 0.172328 0.297923 
0.000000 0.000000 0.000000 1.000000 

-0.135518 -0.027549 -0.990392 0.006209 
0.466046 -0.883892 -0.039184 0.399279 
-0.874320 -0.466879 0.132622 0.297923 
0.000000 0.000000 0.000000 1.000000 

-0.096189 -0.019629 -0.995169 0.004310 
0.467954 -0.883315 -0.027808 0.397225 
-0.878503 -0.468368 0.094151 0.297923 
0.000000 0.000000 0.000000 1.000000 

-0.060506 -0.012400 -0.998091 0.002620 
0.469543 -0.882736 -0.017498 0.395397 
-0.880834 -0.469705 0.059234 0.297923 
0.000000 0.000000 0.000000 1.000000 

-0.030876 -0.006356 -0.999503 0.001249 
0.470746 -0.882224 -0.008932 0.393913 
-0.881728 -0.470788 0.030232 0.297923 
0.000000 0.000000 0.000000 1.000000 

-0.009937 -0.002055 -0.999948 0.000335 
0.471541 -0.881839 -0.002874 0.392924 
-0.881788 -0.471546 0.009732 0.297923 
0.000000 0.000000 0.000000 1.000000 

-0.000008 -0.000001 -1.000000 0.000001 
0.471925 -0.881639 -0.000003 0.392562 
-0.881639 -0.471925 0.000007 0.297923 
0.000000 0.000000 0.000000 1.000000 

0.003163 0.000662 -0.999995 0.000000 
0.472065 -0.881563 0.000910 0.392562 
-0.881558 -0.472066 -0.003101 0.297923 
0.000000 0.000000 0.000000 1.000000 

0.005509 0.001153 -0.999984 0.000000 
0.472167 -0.881507 0.001585 0.392562 
-0.881492 -0.472169 -0.005401 0.297923 
0.000000 0.000000 0.000000 1.000000 

0.007126 0.001491 -0.999973 0.000000 
0.472237 -0.881469 0.002051 0.392562 
-0.881443 -0.472239 -0.006985 0.297923 
0.000000 0.000000 0.000000 1.000000 

0.008098 0.001695 -0.999966 0.000000 
0.472278 -0.881446 0.002331 0.392562 
-0.881412 -0.472281 -0.007939 0.297923 
0.000000 0.000000 0.000000 1.000000 

0.008506 0.001780 -0.999962 0.000000 
0.472296 -0.881437 0.002448 0.392562 
-0.881399 -0.472299 -0.008338 0.297923 
0.000000 0.000000 0.000000 1.000000 

0.008436 0.001766 -0.999963 0.000000 
0.472293 -0.881438 0.002428 0.392562 
-0.881401 -0.472296 -0.008270 0.297923 
0.000000 0.000000 0.000000 1.000000 

0.007972 0.001668 -0.999967 0.000000 
0.472273 -0.881449 0.002294 0.392562 
-0.881416 -0.472275 -0.007815 0.297923 
0.000000 0.000000 0.000000 1.000000 

0.007200 0.001507 -0.999973 0.000000 
0.472240 -0.881468 0.002072 0.392562 
-0.881441 -0.472242 -0.007058 0.297923 
0.000000 0.000000 0.000000 1.000000 

0.006203 0.001298 -0.999980 0.000000 
0.472197 -0.881491 0.001785 0.392562 
